    0.0988
    0.0478
    0.0094
   -0.0083
    0.0017
   -0.0082
   -0.0271
   -0.0641
   -0.1143
   -0.1476
   -0.1711
   -0.1836
   -0.2088
   -0.2067
   -0.1259
   -0.1552
   -0.1641
   -0.1907
   -0.2240
   -0.2493
    0.0992
    0.0479
    0.0097
   -0.0075
    0.0017
   -0.0091
   -0.0276
   -0.0638
   -0.1169
   -0.1468
   -0.1716
   -0.1839
   -0.2076
   -0.2048
   -0.1208
   -0.1436
   -0.1544
   -0.1937
   -0.2253
   -0.2435
    0.0994
    0.0484
    0.0106
   -0.0071
    0.0018
   -0.0089
   -0.0269
   -0.0635
   -0.1157
   -0.1458
   -0.1723
   -0.1832
   -0.2066
   -0.2026
   -0.1154
   -0.1313
   -0.1445
   -0.1968
   -0.2263
   -0.2373
    0.0998
    0.0490
    0.0109
   -0.0068
    0.0016
   -0.0088
   -0.0263
   -0.0628
   -0.1139
   -0.1451
   -0.1694
   -0.1804
   -0.2048
   -0.2020
   -0.1394
   -0.1289
   -0.0968
   -0.1861
   -0.2104
   -0.2162
    0.1013
    0.0509
    0.0124
   -0.0063
    0.0015
   -0.0092
   -0.0260
   -0.0614
   -0.1078
   -0.1402
   -0.1673
   -0.1787
   -0.2025
   -0.2021
   -0.1442
   -0.1238
   -0.1291
   -0.0933
   -0.2138
   -0.2226
    0.1020
    0.0512
    0.0130
   -0.0055
    0.0020
   -0.0088
   -0.0253
   -0.0605
   -0.1064
   -0.1386
   -0.1663
   -0.1788
   -0.2031
   -0.2019
   -0.1477
   -0.1300
   -0.1262
   -0.1033
   -0.2112
   -0.2207
    0.1019
    0.0510
    0.0132
   -0.0053
    0.0023
   -0.0085
   -0.0247
   -0.0592
   -0.1058
   -0.1374
   -0.1652
   -0.1799
   -0.2025
   -0.2018
   -0.1513
   -0.1361
   -0.1225
   -0.1131
   -0.2089
   -0.2186
    0.1003
    0.0512
    0.0132
   -0.0054
    0.0025
   -0.0082
   -0.0240
   -0.0590
   -0.1049
   -0.1361
   -0.1643
   -0.1785
   -0.2011
   -0.2188
   -0.1494
   -0.1369
   -0.1232
   -0.0992
   -0.2057
   -0.2161
    0.0995
    0.0512
    0.0133
   -0.0053
    0.0026
   -0.0077
   -0.0238
   -0.0601
   -0.1035
   -0.1352
   -0.1635
   -0.1772
   -0.2001
   -0.2010
   -0.1420
   -0.1320
   -0.1282
   -0.0712
   -0.2015
   -0.2149
    0.0997
    0.0514
    0.0154
   -0.0051
    0.0025
   -0.0075
   -0.0246
   -0.0604
   -0.1030
   -0.1363
   -0.1635
   -0.1767
   -0.2000
   -0.2019
   -0.1347
   -0.1274
   -0.1325
   -0.0241
   -0.1973
   -0.2134
    0.0996
    0.0509
    0.0133
   -0.0049
    0.0025
   -0.0073
   -0.0245
   -0.0593
   -0.1022
   -0.1353
   -0.1635
   -0.1770
   -0.2009
   -0.2013
   -0.1363
   -0.1288
   -0.1249
   -0.0457
   -0.2071
   -0.2214
    0.1001
    0.0509
    0.0134
   -0.0053
    0.0025
   -0.0082
   -0.0245
   -0.0587
   -0.1048
   -0.1364
   -0.1641
   -0.1771
   -0.2011
   -0.2016
   -0.1379
   -0.1302
   -0.1173
   -0.0673
   -0.2210
   -0.2301
    0.1003
    0.0507
    0.0132
   -0.0053
    0.0023
   -0.0087
   -0.0251
   -0.0590
   -0.1038
   -0.1367
   -0.1649
   -0.1775
   -0.2013
   -0.2022
   -0.1400
   -0.1279
   -0.1394
   -0.0809
   -0.2232
   -0.2322
    0.1013
    0.0518
    0.0129
   -0.0056
    0.0020
   -0.0087
   -0.0258
   -0.0599
   -0.1044
   -0.1368
   -0.1660
   -0.1787
   -0.2025
   -0.2031
   -0.1442
   -0.1213
   -0.1200
   -0.0865
   -0.2168
   -0.2282
    0.1016
    0.0510
    0.0127
   -0.0059
    0.0018
   -0.0091
   -0.0259
   -0.0608
   -0.1043
   -0.1374
   -0.1674
   -0.1802
   -0.2030
   -0.2032
   -0.1477
   -0.1148
   -0.1230
   -0.0900
   -0.2090
   -0.2243
    0.1002
    0.0492
    0.0112
   -0.0065
    0.0020
   -0.0086
   -0.0262
   -0.0623
   -0.1103
   -0.1423
   -0.1695
   -0.1819
   -0.2053
   -0.2032
   -0.1477
   -0.1178
   -0.0945
   -0.1834
   -0.2071
   -0.2203
    0.0998
    0.0485
    0.0109
   -0.0067
    0.0022
   -0.0089
   -0.0268
   -0.0630
   -0.1122
   -0.1431
   -0.1725
   -0.1847
   -0.2071
   -0.2038
   -0.1246
   -0.1249
   -0.1452
   -0.1947
   -0.2250
   -0.2414
    0.0996
    0.0481
    0.0100
   -0.0072
    0.0020
   -0.0089
   -0.0275
   -0.0633
   -0.1134
   -0.1441
   -0.1717
   -0.1854
   -0.2081
   -0.2060
   -0.1288
   -0.1369
   -0.1540
   -0.1920
   -0.2253
   -0.2480
    0.0992
    0.0479
    0.0097
   -0.0079
    0.0020
   -0.0081
   -0.0270
   -0.0636
   -0.1108
   -0.1449
   -0.1713
   -0.1851
   -0.2093
   -0.2079
   -0.1326
   -0.1483
   -0.1628
   -0.1913
   -0.2254
   -0.2542