   -0.3700
   -0.3605
   -0.3902
   -0.5024
   -0.5050
   -0.4676
   -0.3656
   -0.4157
   -0.2557
   -0.2473
   -0.3065
   -0.3721
   -0.3512
   -0.5464
   -0.4636
   -0.2284
   -0.2601
   -0.1700
   -0.2502
   -0.0471
   -0.3815
   -0.3901
   -0.4488
   -0.5521
   -0.5407
   -0.5215
   -0.4306
   -0.4681
   -0.3109
   -0.3227
   -0.3984
   -0.4122
   -0.4035
   -0.2166
   -0.4357
   -0.2007
   -0.2889
   -0.1302
   -0.1902
   -0.0380
   -0.3842
   -0.4283
   -0.5217
   -0.5833
   -0.5817
   -0.5798
   -0.4754
   -0.5531
   -0.3987
   -0.3968
   -0.4428
   -0.4639
   -0.3448
   -0.3244
   -0.3978
   -0.1728
   -0.3273
   -0.0919
   -0.1291
   -0.0502
   -0.4110
   -0.4735
   -0.5393
   -0.5954
   -0.5897
   -0.6221
   -0.5126
   -0.6299
   -0.4543
   -0.4266
   -0.5209
   -0.5696
   -0.4148
   -0.3883
   -0.4433
   -0.0278
    0.1285
   -0.1378
   -0.1155
   -0.0686
   -0.4598
   -0.5277
   -0.5585
   -0.5946
   -0.6031
   -0.6252
   -0.5563
   -0.6419
   -0.5581
   -0.5419
   -0.5708
   -0.5770
   -0.4000
   -0.3059
   -0.3615
   -0.1178
   -0.1999
    0.0480
   -0.1650
   -0.1117
   -0.4959
   -0.5603
   -0.5700
   -0.6071
   -0.5999
   -0.6216
   -0.5597
   -0.6351
   -0.5790
   -0.5642
   -0.5830
   -0.5489
   -0.3568
   -0.2559
   -0.2887
   -0.1737
   -0.1820
    0.0124
   -0.1806
   -0.0945
   -0.5036
   -0.5738
   -0.5770
   -0.6036
   -0.5999
   -0.6249
   -0.5947
   -0.6630
   -0.5725
   -0.5918
   -0.5893
   -0.5049
   -0.3682
   -0.1342
   -0.2154
   -0.2298
   -0.1644
    0.0395
   -0.1976
   -0.0773
   -0.4907
   -0.5761
   -0.5899
   -0.5947
   -0.5970
   -0.6209
   -0.5985
   -0.6691
   -0.5670
   -0.5883
   -0.5861
   -0.5057
   -0.3907
   -0.3082
   -0.1774
   -0.1229
   -0.1776
    0.1087
   -0.1906
   -0.0749
   -0.4865
   -0.5944
   -0.6003
   -0.5918
   -0.6129
   -0.6263
   -0.6120
   -0.6695
   -0.5703
   -0.5947
   -0.5827
   -0.5224
   -0.4469
   -0.4360
   -0.2255
   -0.2620
   -0.2222
    0.2519
   -0.1635
   -0.0870
   -0.4956
   -0.5963
   -0.6395
   -0.5834
   -0.6098
   -0.6282
   -0.6205
   -0.6433
   -0.5667
   -0.5957
   -0.5891
   -0.5059
   -0.4014
   -0.2966
   -0.2566
   -0.2646
   -0.2664
    0.3949
   -0.1364
   -0.0991
   -0.5067
   -0.5931
   -0.5854
   -0.5858
   -0.6099
   -0.6352
   -0.6091
   -0.6540
   -0.5709
   -0.5918
   -0.5763
   -0.5190
   -0.3922
   -0.3499
   -0.2441
   -0.2351
   -0.2379
    0.2829
   -0.1443
   -0.0980
   -0.5079
   -0.5808
   -0.5732
   -0.5983
   -0.6167
   -0.6355
   -0.6041
   -0.6721
   -0.5619
   -0.5796
   -0.5789
   -0.5292
   -0.4084
   -0.3199
   -0.2317
   -0.2051
   -0.2059
    0.1122
   -0.1492
   -0.0973
   -0.5146
   -0.5583
   -0.5626
   -0.6046
   -0.6098
   -0.6208
   -0.6050
   -0.6722
   -0.6239
   -0.5699
   -0.5917
   -0.5017
   -0.3101
   -0.2693
   -0.2092
   -0.1784
   -0.1867
    0.0552
   -0.1554
   -0.0848
   -0.5041
   -0.5442
   -0.5562
   -0.6011
   -0.5964
   -0.6221
   -0.5810
   -0.6728
   -0.6322
   -0.5978
   -0.5884
   -0.5268
   -0.3755
   -0.3210
   -0.1763
   -0.1548
   -0.1782
    0.0828
   -0.1674
   -0.0611
   -0.4983
   -0.5291
   -0.5496
   -0.5792
   -0.5962
   -0.6187
   -0.5821
   -0.6418
   -0.6384
   -0.6095
   -0.5627
   -0.5229
   -0.3773
   -0.3205
   -0.1435
   -0.1316
   -0.1697
    0.1104
   -0.1774
   -0.0374
   -0.4391
   -0.4714
   -0.5291
   -0.5799
   -0.6132
   -0.6186
   -0.5375
   -0.6260
   -0.5346
   -0.4887
   -0.5200
   -0.4902
   -0.3986
   -0.4226
   -0.2241
   -0.0450
    0.1549
   -0.1678
   -0.1281
   -0.1100
   -0.4131
   -0.4305
   -0.5120
   -0.5682
   -0.5921
   -0.5796
   -0.4935
   -0.5561
   -0.4720
   -0.4583
   -0.4376
   -0.4048
   -0.3171
   -0.3363
   -0.1795
   -0.1916
   -0.3009
   -0.1216
   -0.1419
   -0.0702
   -0.4098
   -0.3906
   -0.6030
   -0.5438
   -0.5476
   -0.5243
   -0.4560
   -0.4678
   -0.3927
   -0.3813
   -0.3951
   -0.3505
   -0.3860
   -0.2470
   -0.2115
   -0.2169
   -0.2668
   -0.1605
   -0.2027
   -0.0793
   -0.3974
   -0.3615
   -0.3805
   -0.4871
   -0.4984
   -0.5125
   -0.3940
   -0.4082
   -0.3365
   -0.3027
   -0.3058
   -0.3140
   -0.3312
   -0.6060
   -0.2427
   -0.2423
   -0.2324
   -0.1999
   -0.2628
   -0.0885