   -0.3337
   -0.3479
   -0.3349
   -0.4064
   -0.4566
   -0.4369
   -0.3822
   -0.3843
   -0.2973
   -0.1256
   -0.3031
   -0.4840
   -0.5689
    0.1246
   -0.9676
   -0.1614
   -0.2350
   -0.0145
   -0.4469
   -0.0690
   -0.3908
   -0.4128
   -0.4103
   -0.4213
   -0.4738
   -0.5009
   -0.3061
   -0.4850
   -0.3285
   -0.2237
   -0.3945
   -0.7349
   -0.5725
    0.3674
   -0.9630
   -0.3378
   -0.2936
    0.0166
   -0.4368
   -0.0408
   -0.3810
   -0.4595
   -0.4505
   -0.4327
   -0.4887
   -0.5432
   -0.4120
   -0.5502
   -0.3631
   -0.3322
   -0.4859
   -0.9264
   -0.6002
    0.1513
   -0.9474
   -0.4075
   -0.3488
    0.0598
   -0.4289
   -0.0127
   -0.4394
   -0.4843
   -0.4662
   -0.4327
   -0.5001
   -0.5832
   -0.4630
   -0.5914
   -0.3772
   -0.4292
   -0.5739
   -1.0189
   -0.6267
   -0.0716
   -0.9886
   -0.3022
   -0.6071
    0.0025
   -0.5165
   -0.3275
   -0.4917
   -0.5010
   -0.5157
   -0.4442
   -0.5120
   -0.5987
   -0.5375
   -0.5943
   -0.3942
   -0.5394
   -0.6681
   -1.0652
   -0.6657
   -0.1546
   -0.3320
   -0.3829
   -0.4655
   -0.4917
   -0.4178
   -0.0647
   -0.4576
   -0.5110
   -0.5226
   -0.4472
   -0.5188
   -0.5862
   -0.5256
   -0.5886
   -0.4112
   -0.6136
   -0.6385
   -0.8748
   -0.8856
   -0.1547
   -0.3421
   -0.3325
   -0.4376
   -0.4977
   -0.1066
   -0.0981
   -0.4158
   -0.5142
   -0.5436
   -0.4586
   -0.5177
   -0.5983
   -0.5403
   -0.5943
   -0.4108
   -0.5615
   -0.6703
   -0.6952
   -0.5767
    0.0484
   -0.3562
   -0.3206
   -0.4199
   -0.5098
   -0.1364
   -0.1397
   -0.4622
   -0.5380
   -0.5689
   -0.4590
   -0.5118
   -0.5949
   -0.5494
   -0.5912
   -0.4132
   -0.5751
   -0.6645
   -0.8169
   -0.5820
   -0.0846
   -0.3864
   -0.3473
   -0.4043
   -0.4409
   -0.1344
   -0.1550
   -0.5218
   -0.5484
   -0.5685
   -0.4516
   -0.5177
   -0.5981
   -0.5732
   -0.6079
   -0.4006
   -0.5970
   -0.6713
   -0.7392
   -0.2475
   -0.2520
   -0.4401
   -0.3784
   -0.4076
   -0.1951
   -0.1011
   -0.1667
   -0.5125
   -0.5645
   -0.5897
   -0.4399
   -0.5235
   -0.6074
   -0.5879
   -0.5852
   -0.3798
   -0.5847
   -0.6615
   -0.6695
   -0.5996
   -0.0720
   -0.4934
   -0.4395
   -0.4007
   -0.7560
   -0.0637
   -0.1814
   -0.4996
   -0.5643
   -0.5544
   -0.4376
   -0.5264
   -0.6015
   -0.5911
   -0.5671
   -0.3978
   -0.5696
   -0.6558
   -0.8576
   -0.6840
   -0.1766
   -0.5029
   -0.3539
   -0.4351
   -0.7347
   -0.0614
   -0.1350
   -0.4826
   -0.5222
   -0.5229
   -0.4408
   -0.5235
   -0.6374
   -0.5787
   -0.5880
   -0.3933
   -0.5883
   -0.6458
   -0.8282
   -0.6356
   -0.1675
   -0.4581
   -0.2717
   -0.4657
   -0.7696
   -0.0628
   -0.0882
   -0.4751
   -0.5284
   -0.5142
   -0.4408
   -0.5262
   -0.6197
   -0.6030
   -0.5880
   -0.4073
   -0.5390
   -0.6573
   -0.7272
   -0.8242
   -0.0937
   -0.4693
   -0.2853
   -0.4670
   -0.6770
   -0.0641
    0.0288
   -0.4758
   -0.5112
   -0.5023
   -0.4490
   -0.5175
   -0.5987
   -0.5703
   -0.6175
   -0.4115
   -0.5728
   -0.6741
   -0.6905
   -0.6682
   -0.1184
   -0.3632
   -0.3762
   -0.4422
   -0.5162
   -0.0649
    0.0319
   -0.4138
   -0.5031
   -0.4941
   -0.4308
   -0.5086
   -0.5981
   -0.5611
   -0.6147
   -0.4100
   -0.5809
   -0.6682
   -0.7069
   -0.5869
   -0.1149
   -0.2601
   -0.4976
   -0.4138
   -0.5667
   -0.0707
    0.0319
   -0.3239
   -0.4960
   -0.4345
   -0.4435
   -0.4971
   -0.5702
   -0.5280
   -0.5852
   -0.3852
   -0.4143
   -0.5824
   -0.5620
   -0.5150
   -0.1431
   -0.3944
   -0.4042
   -0.5454
   -0.0686
   -0.1742
   -0.2300
   -0.2734
   -0.4593
   -0.4148
   -0.4263
   -0.5026
   -0.5462
   -0.4868
   -0.5444
   -0.3980
   -0.4002
   -0.5323
   -0.4106
   -0.5112
   -0.3029
   -0.3453
   -0.4997
   -0.3123
   -0.0530
   -0.0844
    0.0877
   -0.2606
   -0.4144
   -0.3932
   -0.4083
   -0.4498
   -0.5001
   -0.4481
   -0.4882
   -0.3613
   -0.2804
   -0.3480
   -0.1812
   -0.5782
    0.3935
   -0.3583
   -0.4265
   -0.2472
   -0.0876
   -0.0908
    0.0589
   -0.2764
   -0.3535
   -0.3209
   -0.3996
   -0.4445
   -0.4429
   -0.3880
   -0.4383
   -0.3092
   -0.1703
   -0.2781
   -0.1948
   -0.5623
    0.1567
   -0.3712
   -0.3533
   -0.1821
   -0.1285
   -0.0972
    0.0265